# dense menu-nav START pulses (auto-stops when level loads)
30 31 400
50 51 400
70 71 400
90 91 400
110 111 400
130 131 400
150 151 400
170 171 400
190 191 400
210 211 400
230 231 400
250 251 400
270 271 400
290 291 400
310 311 400
330 331 400
350 351 400
370 371 400
390 391 400
410 411 400
430 431 400
450 451 400
470 471 400
490 491 400
510 511 400
530 531 400
550 551 400
570 571 400
590 591 400
610 611 400
630 631 400
650 651 400
670 671 400
690 691 400
710 711 400
730 731 400
750 751 400
770 771 400
790 791 400
810 811 400
830 831 400
850 851 400
870 871 400
890 891 400
910 911 400
930 931 400
950 951 400
970 971 400
990 991 400
1010 1011 400
1030 1031 400
1050 1051 400
1070 1071 400
1090 1091 400
1110 1111 400
1130 1131 400
1150 1151 400
1170 1171 400
1190 1191 400
1210 1211 400
1230 1231 400
1250 1251 400
1270 1271 400
1290 1291 400
1310 1311 400
1330 1331 400
1350 1351 400
1370 1371 400
1390 1391 400
1410 1411 400
1430 1431 400
1450 1451 400
1470 1471 400
1490 1491 400
1510 1511 400
1530 1531 400
1550 1551 400
1570 1571 400
1590 1591 400
1610 1611 400
1630 1631 400
1650 1651 400
1670 1671 400
1690 1691 400
1710 1711 400
1730 1731 400
1750 1751 400
1770 1771 400
1790 1791 400
1810 1811 400
1830 1831 400
1850 1851 400
1870 1871 400
1890 1891 400
1910 1911 400
1930 1931 400
1950 1951 400
1970 1971 400
1990 1991 400
2010 2011 400
2030 2031 400
2050 2051 400
2070 2071 400
2090 2091 400
2110 2111 400
2130 2131 400
2150 2151 400
2170 2171 400
2190 2191 400
2210 2211 400
2230 2231 400
2250 2251 400
2270 2271 400
2290 2291 400
2310 2311 400
2330 2331 400
2350 2351 400
2370 2371 400
2390 2391 400
2410 2411 400
2430 2431 400
2450 2451 400
2470 2471 400
2490 2491 400
2510 2511 400
2530 2531 400
2550 2551 400
2570 2571 400
2590 2591 400
2610 2611 400
2630 2631 400
2650 2651 400
2670 2671 400
2690 2691 400
2710 2711 400
2730 2731 400
2750 2751 400
2770 2771 400
2790 2791 400
2810 2811 400
2830 2831 400
2850 2851 400
2870 2871 400
2890 2891 400
2910 2911 400
2930 2931 400
2950 2951 400
2970 2971 400
2990 2991 400
